Exon	IJC1	SJC1	IJC2	SJC2	IncFormLen	SkipFormLen
319	5,4,3	0,0,0	1,0,0	6,6,10	108	22
1117	114,107,103	0,0,0	65,65,85	7,11,8	172	86
1507	595,571,575	36,35,28	274,283,283	122,113,107	44	84
1649	313,400,352	27,26,21	173,164,182	109,112,94	172	86
1650	188,272,240	11,17,13	115,108,119	35,60,40	172	86
1651	233,343,292	27,26,21	136,142,141	109,112,94	172	86
1751	11,5,9	65,74,74	90,110,154	170,171,239	85	71
1753	3,1,6	52,43,41	47,55,81	52,54,56	76	62
1766	45,46,40	52,43,41	136,150,210	52,54,56	130	62
1787	30,39,32	11,15,11	210,179,245	8,3,3	79	59
2152	278,349,285	103,112,78	159,184,169	145,149,153	76	86
2455	15,16,14	7,8,1	4,3,3	30,32,27	59	43
2652	64,55,56	8,9,20	65,48,45	0,0,0	159	77
3046	155,140,158	44,47,34	194,174,160	7,4,7	172	86
3047	117,101,103	44,47,34	144,95,121	7,4,7	114	48
3174	41,43,45	203,231,195	120,121,101	171,113,118	106	86
3314	248,267,242	115,119,101	51,48,45	238,203,174	120	58
4030	196,195,233	341,310,367	179,175,164	109,138,101	112	86
4045	476,499,523	341,310,367	458,435,361	109,138,101	172	86
5245	725,830,750	69,88,67	1474,1227,1293	12,9,14	172	86
5681	87,115,77	27,34,21	16,12,15	49,26,32	39	28
5921	570,583,616	95,89,95	607,559,532	17,26,11	172	86
5961	53,58,67	8,11,11	42,45,65	27,48,33	172	86
5963	36,32,37	36,40,41	78,58,75	12,11,24	172	86
6955	3,2,2	164,173,136	9,6,8	61,51,35	28	86
7383	66,62,62	52,57,69	13,17,16	134,121,105	151	65
7433	145,149,120	229,226,208	89,78,108	521,350,330	102	70
7924	681,619,784	2,1,4	1,2,1	0,0,0	140	54
8163	465,468,483	98,95,112	400,315,365	19,19,18	169	83
8418	1126,1281,1393	324,327,311	5,9,3	33,25,35	172	86
8421	946,1064,940	236,244,222	22,20,16	2388,1911,2083	142	56
8422	951,1076,942	56,58,34	23,20,16	79,69,89	172	86
8424	77,99,83	3,3,4	1,1,2	11,7,12	142	56
8425	82,111,85	0,0,3	2,1,2	0,1,2	172	86
8427	1108,1237,1222	0,0,0	8,11,10	0,4,3	142	56
8431	97,108,90	0,0,0	0,0,2	13,2,5	142	56
8433	28,25,18	2,2,4	0,0,1	21,21,17	142	56
8435	1225,1284,1270	236,244,222	145,128,154	2388,1911,2083	142	56
8438	1169,1226,1239	3,3,4	66,60,67	11,7,12	142	56
8441	1169,1227,1237	2,2,4	66,59,67	21,21,17	142	56
8444	1125,1283,1394	324,327,311	5,9,3	33,25,35	172	86
8463	719,827,770	236,244,222	33,31,46	2388,1911,2083	142	56
8464	716,824,769	56,58,34	22,25,36	79,69,89	172	86
8465	725,824,766	324,327,311	22,24,34	33,25,35	172	86
8474	324,327,311	56,58,34	33,26,35	79,69,89	172	86
8476	324,327,311	236,244,222	46,27,40	2388,1911,2083	142	56
8477	415,427,393	940,1056,932	33,25,37	22,20,16	172	86
8482	1102,1229,1214	0,0,0	8,11,10	0,4,3	142	56
8483	942,1059,936	56,58,34	22,20,16	79,69,89	172	86
8484	940,1056,932	236,244,222	22,20,16	2388,1911,2083	142	56
8492	20,17,18	3,3,4	0,4,3	11,7,12	142	56
8494	992,1106,1018	0,0,0	9,7,11	13,2,5	142	56
8497	22,22,22	3,3,4	2,1,0	11,7,12	136	56
8502	1983,2085,2019	56,58,34	16,22,21	79,69,89	166	86
8511	1521,1602,1655	102,92,108	1414,1120,1140	218,248,259	172	86
8632	123,135,110	3,0,3	1,1,1	0,0,0	172	86
9103	49,47,42	124,107,102	27,25,21	291,275,278	16	86
9906	281,325,268	71,84,58	120,110,119	211,206,193	172	86
10320	484,539,482	11,18,24	79,47,35	127,127,135	172	86
10670	221,202,197	68,66,74	221,176,192	210,183,204	148	86
11011	119,111,101	394,404,370	249,214,243	330,277,306	88	86
11336	98,124,95	25,21,18	79,81,65	147,120,123	5	45
12238	58,58,58	11,4,6	2,3,4	227,176,189	44	78
12500	1046,1044,964	309,345,306	839,843,942	692,690,718	94	68
12877	473,497,442	207,231,160	826,711,778	158,143,166	172	86
13099	2418,2303,2349	1342,1405,1308	2723,2278,2297	714,625,733	172	86
14465	40,48,44	900,895,809	562,526,647	1389,1392,1411	64	86
14577	79,62,85	96,108,94	263,236,204	43,34,18	172	86
16355	82,116,59	13,19,12	6,2,1	8,10,9	156	70
17604	264,505,348	97,97,93	37,23,29	124,125,129	40	8
18180	137,114,116	344,310,291	6,3,5	0,0,1	172	86
18182	977,1030,853	74,52,69	10,6,16	8,4,5	148	86
18489	887,817,749	317,343,344	124,127,108	241,162,212	172	86
18755	837,842,838	530,455,460	817,760,747	235,166,151	162	76
18978	601,581,577	35,35,43	327,245,286	140,139,116	44	80
19886	220,224,226	15,23,29	456,330,327	0,1,3	163	77
20140	372,407,412	185,166,202	846,703,858	184,174,159	130	86
20810	50,85,75	0,2,1	34,37,27	12,4,11	172	86
21235	151,160,158	42,28,49	177,166,130	2,0,3	159	73
21246	187,180,199	42,28,49	201,168,162	2,0,3	135	73
21391	45,42,39	89,80,75	70,54,57	47,37,18	22	86
21614	66,70,83	62,85,73	192,216,200	11,2,3	172	86
22860	130,99,110	59,71,55	128,129,152	189,193,177	80	60
23437	2428,2962,2569	61,45,43	2078,2177,2048	748,735,675	172	86
24886	55,54,57	21,13,10	8,7,13	99,49,57	64	30
25380	496,511,427	563,516,519	513,437,425	189,204,206	106	80
25396	78,74,108	19,22,37	147,96,91	4,7,7	154	86
25399	90,130,153	19,22,37	233,168,125	4,7,7	160	86
25505	2,5,2	73,65,64	18,18,21	30,32,22	5	56
25525	9,15,6	215,229,225	54,52,52	201,148,204	72	86
25563	54,68,69	126,142,159	101,119,102	100,95,102	76	86
25596	303,357,279	8,8,6	413,355,340	96,67,81	85	65
25863	1,1,1	0,0,0	80,75,101	2,0,0	172	86
26165	744,786,782	128,107,92	487,392,412	159,121,137	124	38
26571	135,194,147	79,117,111	191,186,188	7,8,6	39	47
26574	223,283,234	79,117,111	315,285,311	7,8,6	133	47
26694	899,978,827	168,134,112	487,414,423	186,170,131	163	77
27111	263,340,258	254,309,311	1460,1238,1130	11,7,2	172	86
27521	192,223,211	30,38,28	161,136,125	75,55,54	172	86
27530	191,228,211	30,38,28	165,143,132	75,55,54	172	86
27535	122,146,141	30,38,28	108,80,70	75,55,54	164	86
27843	161,160,145	12,18,13	45,26,39	256,227,249	17	53
28529	208,211,206	62,77,62	466,393,628	3,2,9	172	86
28531	136,154,160	111,159,138	330,308,444	70,85,107	172	86
31329	174,174,190	7,13,6	341,277,293	82,67,56	172	86
31699	359,418,353	245,302,245	261,254,265	462,420,450	93	79
31861	46,60,48	10,13,8	232,233,189	0,0,0	172	86
32023	454,542,446	267,306,259	1239,1606,1541	8,11,6	47	27
32124	182,201,189	48,40,43	114,124,90	63,80,51	172	86
32236	5,2,10	5,3,7	68,40,27	1,3,3	154	68
32767	79,107,88	55,70,49	20,18,11	134,100,109	47	38
32815	1555,1625,1405	179,170,115	606,498,473	224,167,172	172	86
32816	2382,2620,2158	518,510,423	989,810,820	794,572,606	150	64
33335	1,5,1	0,0,0	561,600,634	0,0,1	110	24
33381	103,125,107	70,64,73	22,29,19	436,412,401	124	86
33512	198,190,191	16,16,12	127,110,151	39,50,32	172	86
33655	22,19,25	9,8,8	144,111,102	7,5,14	172	86
33745	139,162,114	54,45,62	66,49,39	175,155,146	172	86
33750	164,191,134	54,45,62	105,75,80	175,155,146	124	86
33753	123,159,112	84,132,95	288,226,250	2,10,3	148	62
33998	819,806,987	2455,2907,3145	1315,1204,1326	1586,1746,1619	172	86
33999	3211,3428,3708	22,24,35	883,859,847	1802,2001,1746	64	86
34006	4869,5202,5576	22,24,35	1455,1449,1402	1802,2001,1746	130	86
35139	634,643,636	23,23,15	420,333,295	68,85,86	172	86
35156	0,1,0	5,4,7	7,4,9	0,0,0	172	86
35170	0,2,0	5,4,7	12,5,13	0,0,0	51	22
35393	7,8,4	66,56,48	89,107,131	28,86,67	172	86
35555	89,108,102	32,21,17	75,63,60	80,61,48	78	86
35904	446,485,493	11,16,15	185,174,147	78,59,74	136	86
35997	329,347,317	788,864,802	911,793,756	353,356,333	100	86
36144	60,59,64	52,48,46	81,46,37	11,11,5	46	86
36172	2,2,3	27,25,40	19,19,22	7,7,4	19	41
37416	499,495,480	373,331,353	798,894,922	254,246,194	106	20
38321	110,107,113	38,41,35	117,84,136	145,113,107	172	86
38354	801,843,798	287,323,258	2157,1889,1988	357,348,381	141	55
39052	126,137,122	231,239,178	650,518,600	409,355,339	88	86
39060	302,300,226	129,122,131	552,510,490	634,541,584	152	66
39664	177,209,202	61,77,64	160,123,146	215,167,163	172	86
39670	130,158,169	61,77,64	137,109,114	215,167,163	172	86
40019	595,679,625	423,406,449	258,252,212	429,381,416	111	25
40068	84,89,70	82,94,73	11,11,4	43,35,60	97	37
40248	351,383,316	236,198,260	96,74,81	788,665,782	108	86
40354	89,102,125	308,400,354	7,4,2	1339,1119,1292	139	83
40378	538,561,636	7,1,4	726,577,613	93,106,70	130	78
41204	147,184,157	1,0,2	64,47,56	26,32,19	172	86
41205	248,319,259	3,2,2	113,96,105	12,11,25	157	71
41208	99,115,96	7,16,10	74,73,80	240,229,187	142	86
41412	119,107,127	75,80,90	215,153,171	49,45,38	107	69
41457	93,128,117	16,16,12	11,15,8	7,9,7	172	86
41887	5,11,6	52,57,66	35,27,20	15,15,18	18	36
42858	46,53,48	191,249,161	311,244,263	33,47,32	172	86
43024	255,270,253	129,120,137	48,54,40	239,157,220	172	86
44323	148,147,166	46,43,56	207,163,155	17,19,13	156	86
45153	47,55,60	10,7,7	93,82,75	100,76,89	163	77
45964	30,46,26	78,59,55	28,32,32	248,164,203	8	29
45977	605,622,631	120,153,130	507,470,495	375,344,333	172	86
46181	20,27,23	2,0,1	17,18,21	40,47,47	11	68
46896	11,6,11	109,99,119	80,65,52	23,14,19	10	86
46998	2,3,4	330,411,384	27,33,38	139,136,163	58	86
48138	36,39,23	1,12,3	10,4,10	14,11,17	172	86
48142	0,8,4	29,23,32	12,22,13	10,4,4	172	86
48277	65,80,53	262,287,297	0,0,0	239,208,253	40	86
49348	29,31,25	325,352,299	304,294,267	526,518,477	11	47
49526	259,275,264	281,277,326	392,360,430	1103,1036,1083	142	86
49579	939,962,882	0,0,2	1,2,2	0,0,0	128	42
49988	1953,2139,1995	75607,72520,73294	4428,3628,4349	36659,31174,31785	24	80
49993	432,399,410	1928,2118,1971	149,162,186	4368,3585,4310	14	15
50176	146,115,140	17,35,23	144,115,108	89,81,96	154	86
51824	402,476,455	315,323,294	276,144,197	366,303,334	106	86
52081	563,542,602	412,429,445	1398,1319,1544	155,171,187	54	76
52147	23,47,47	19,15,27	152,98,117	8,8,6	70	38
52148	20,37,42	75,58,77	132,88,103	37,47,47	118	86
52182	1725,1656,1646	11,6,8	990,663,790	94,73,86	168	82
52190	9,12,13	11,6,8	14,10,10	94,73,86	168	82
52239	293,300,253	401,378,390	641,598,568	220,248,252	172	86
52526	49,71,42	12,11,8	155,159,147	0,2,2	154	86
53167	19,23,36	59,85,86	19,12,15	227,223,193	36	62
54226	25,36,21	0,0,0	15,11,14	14,7,3	167	81
54227	819,791,870	0,3,0	451,448,426	234,216,207	172	86
54313	414,452,370	0,3,1	208,150,148	28,29,18	172	86
54330	729,881,709	21,20,12	831,699,785	323,217,285	172	86
54880	222,219,225	53,38,59	137,96,110	183,112,93	56	60
54882	536,572,588	53,38,59	350,264,272	183,112,93	62	60
54962	156,245,204	152,175,154	349,345,289	113,124,101	94	80
55047	164,236,205	384,413,416	640,605,613	567,456,604	86	86
55075	4,20,11	29,37,48	2,2,2	0,0,0	172	86
55145	50,45,46	15,18,18	20,31,60	81,82,59	132	64
55309	266,227,287	62,64,66	19,14,12	615,495,435	28	86
55328	69,46,45	263,264,263	147,144,136	141,159,131	172	86
55329	43,27,23	480,489,486	98,83,61	213,202,163	172	86
55530	2105,2478,2248	270,295,232	2179,1713,1791	580,571,574	172	86
56047	304,292,290	238,258,230	298,226,260	577,568,614	46	86
56121	107,107,96	13,6,9	9,3,5	9,14,12	130	86
56130	1486,1616,1454	841,921,805	249,195,222	1559,1384,1629	107	63
56155	516,539,493	841,921,805	132,127,102	1559,1384,1629	149	63
56157	114,140,127	106,107,96	75,65,44	6,1,5	154	68
56365	1074,939,978	134,175,127	983,785,783	3,1,5	149	63
56370	26,12,20	622,570,576	96,68,102	339,274,296	81	79
57156	92,78,84	81,63,72	79,67,102	22,18,33	26	18
57523	24,34,23	8,10,6	17,18,17	23,22,21	172	86
57663	2,6,6	3,5,0	696,623,625	4,2,1	140	54
57671	218,239,232	47,47,50	529,440,464	32,18,15	129	43
57681	157,204,197	20,24,18	631,560,522	13,10,11	129	43
57682	109,97,112	47,47,50	334,309,273	32,18,15	129	43
58437	227,204,189	27,22,26	287,193,168	0,0,0	172	86
59256	428,399,446	922,856,978	29,30,26	1547,1393,1570	172	86
59684	528,586,604	75,93,83	1587,1390,1533	969,959,934	111	59
59743	173,256,264	36,37,26	50,40,48	148,131,143	104	48
60354	507,494,447	401,399,386	425,433,453	677,736,817	94	86
60360	292,279,282	118,146,121	460,465,557	52,65,65	58	86
61379	141,165,127	88,106,82	111,133,111	220,240,230	172	86
61720	104,116,118	28,19,27	80,74,118	134,140,141	37	59
62070	244,201,218	23,24,31	195,171,130	163,174,152	172	86
62205	284,403,294	689,813,753	16,11,17	562,510,478	40	86
62827	121,86,90	88,88,108	567,454,529	105,93,98	148	74
62828	98,53,60	527,461,455	340,271,316	86,83,81	136	62
62838	143,125,166	527,461,455	279,247,219	86,83,81	136	62
63075	300,347,303	286,269,271	164,131,125	283,256,245	20	17
63569	1554,1739,1783	3009,3286,3412	3617,3098,3061	1935,1772,1875	34	86
64201	752,887,728	28,37,26	339,364,322	105,113,107	160	74
64449	667,652,655	197,214,247	42,27,34	872,730,841	72	46
65037	121,153,127	123,131,131	79,50,59	287,216,188	10	86
65823	107,108,107	14,14,9	208,207,219	0,0,0	134	48
65914	147,129,133	109,86,97	117,87,81	191,208,212	82	86
65923	144,122,132	109,86,97	101,68,71	191,208,212	133	47
66037	22,14,14	24,13,14	37,31,21	4,5,3	26	20
66165	888,932,835	74,73,64	1425,1303,1423	22,20,30	113	27
66662	408,427,346	394,414,345	177,129,111	377,304,262	49	41
66824	80,55,74	191,188,197	348,305,283	328,306,289	172	86
67250	273,244,236	87,89,89	23,19,16	423,435,433	172	86
67795	145,118,134	28,35,48	162,135,134	7,7,9	172	86
67967	524,616,470	40,26,22	320,262,280	67,50,55	146	60
68137	120,100,83	2,9,10	121,119,149	42,62,48	154	86
68742	1086,1124,1078	684,716,644	862,737,712	273,213,223	172	86
68810	2,2,4	4,0,2	7,5,4	297,265,318	172	86
68823	31,13,16	288,284,296	671,565,578	43,41,51	172	86
68824	27,13,14	3,4,1	374,301,262	0,0,0	172	86
68863	487,501,454	273,303,274	303,327,305	742,696,782	58	86
69444	233,222,263	133,132,112	288,241,237	39,40,45	172	86
69448	567,551,595	133,132,112	703,610,581	39,40,45	160	86
69752	55,61,53	6,10,12	47,58,53	56,58,80	123	37
70002	314,313,280	15,11,10	231,195,197	50,29,40	79	31
70333	67,76,84	122,147,153	125,122,139	59,75,93	82	86
70686	63,85,64	16,27,18	466,379,401	22,28,14	101	15
70694	65,71,51	8,16,14	603,518,489	11,3,5	158	86
71173	32,31,43	292,283,279	94,92,123	219,192,222	20	52
71729	620,736,660	154,138,144	24,20,37	564,636,778	172	86
71914	101,90,94	38,38,35	37,35,32	56,48,51	28	86
72440	12,14,13	4,1,0	1,0,0	22,14,10	118	32
72441	22,27,30	31,21,30	1,1,1	248,230,270	121	35
72571	20,19,14	55,56,60	80,57,65	50,50,57	168	86
73330	153,188,186	69,78,75	244,275,268	437,415,452	148	86
74288	32,24,34	17,18,11	31,25,26	0,0,0	166	80
74329	29,24,27	6,2,4	4,3,7	16,2,13	89	15
75540	14,15,18	9,6,11	31,27,34	0,3,0	172	86
75748	23,36,19	127,115,110	24,21,17	380,419,397	11	68
75762	504,541,598	504,509,505	193,211,263	1211,1200,1280	172	86
76610	36,44,32	436,456,431	257,188,182	245,224,210	160	86
77136	28,40,32	0,2,0	15,10,12	25,32,29	10	86
77177	1548,1423,1538	0,0,1	1,1,1	0,0,0	77	31
77488	294,336,314	207,197,190	469,323,347	104,106,102	110	86
77492	606,614,542	207,197,190	825,584,633	104,106,102	172	86
77630	156,163,174	124,132,126	23,28,20	53,65,101	124	86
78340	13,23,8	0,0,0	1,2,0	41,28,46	72	58
78892	33,34,20	8,7,3	7,5,11	8,13,16	172	86
79268	284,367,236	3,10,10	377,375,313	180,135,120	172	86
79497	2,6,2	1232,1344,1246	20,16,19	781,700,707	4	86
79866	38,31,31	0,0,4	30,24,22	20,27,21	172	86
79888	258,273,239	136,176,134	176,139,136	204,190,202	154	86
80146	11,5,12	1727,1993,1893	38,53,44	1896,1909,1790	4	86
80687	38,26,37	14,18,12	2,2,0	26,27,7	156	76
80688	36,24,31	2,6,5	2,2,0	24,21,25	138	58
81084	383,334,389	636,543,615	673,558,637	485,380,383	159	73
81370	105,70,108	0,3,1	95,103,83	51,39,46	154	86
81381	266,358,279	0,3,1	507,498,456	51,39,46	172	86
81420	7,9,15	16,2,10	95,80,123	5,4,4	172	86
81799	226,252,206	99,99,93	251,232,237	247,213,209	168	82
83714	492,596,531	23,38,25	465,374,320	127,108,94	109	77
84621	1677,1932,1862	1007,1016,944	4330,3790,3897	845,799,828	172	86
84628	342,367,402	132,119,151	772,748,724	100,108,130	172	86
84799	93,101,101	119,146,129	50,50,55	228,200,190	56	86
85242	51,46,53	26,17,13	110,60,76	237,146,157	66	86
85243	37,25,21	1002,1007,887	353,240,242	348,343,326	136	56
85247	75,68,60	1002,1007,887	362,302,268	348,343,326	5	52
85700	607,543,538	833,723,829	253,197,218	66,55,46	112	86
85982	63,46,47	25,21,9	31,16,23	49,33,33	155	77
86151	234,200,222	171,108,141	653,556,642	163,160,137	144	76
86467	7121,7736,7062	2625,2751,2481	3246,2940,2991	7635,6672,7291	172	86
87358	64,54,64	680,880,725	1101,956,1010	553,489,576	154	86
87359	32,31,31	27,32,21	450,387,428	6,15,9	112	44
87360	33,31,31	16,15,14	450,384,425	14,11,17	154	86
87361	33,32,31	6,20,13	459,387,433	5,8,10	154	86
87754	602,627,525	89,71,60	981,760,815	22,12,9	165	79
87821	105,139,100	123,183,186	133,106,118	59,49,74	136	86
87856	131,154,165	269,347,329	15,23,22	176,222,221	172	86
88018	28,21,22	11,8,1	7,2,5	14,20,11	171	85
88030	48,76,49	376,412,366	250,186,213	317,256,250	70	86
88031	25,51,30	349,393,365	171,115,130	316,226,272	70	86
88032	27,42,28	40,46,30	108,92,104	14,13,12	70	86
88033	4,17,9	74,95,73	29,21,21	37,43,29	70	86
88142	2,2,3	6,1,1	166,146,157	2,4,6	52	86
88533	27,43,31	33,27,54	2,7,3	75,58,55	58	86
89105	72,56,74	37,41,27	24,12,18	67,52,51	134	60
90281	17,17,12	3,12,6	1,1,0	40,25,19	119	79
90282	48,42,35	4,0,0	5,2,3	3,2,4	119	79
90286	46,40,60	3,12,6	13,6,12	40,25,19	165	79
90799	290,327,280	50,22,28	272,220,275	115,89,101	75	79
91167	386,388,385	1,0,2	512,449,512	47,42,39	146	60
91853	48,50,60	55,83,53	86,60,62	29,28,18	172	86
91857	65,64,64	42,56,35	14,7,13	93,93,105	172	86
92001	115,179,136	130,148,135	28,16,13	162,116,116	139	77
93416	481,524,459	126,100,98	314,278,274	222,236,250	142	86
93572	533,572,470	196,187,205	554,384,482	72,64,64	139	65
94432	0,0,1	133,167,134	44,34,47	32,28,34	151	65
94433	2,6,6	10,13,5	733,657,668	10,7,17	172	86
94434	0,1,0	22,28,25	41,37,44	1,10,0	172	86
94435	9,7,10	702,811,705	628,577,639	194,199,164	151	65
94437	11,13,15	19,18,24	1317,1200,1260	109,98,104	172	86
94438	9,8,9	194,190,218	625,580,636	93,81,80	172	86
94439	10,9,14	31,25,16	670,611,679	0,0,3	172	86
94441	64,103,99	702,811,705	683,605,729	194,199,164	151	65
94442	55,98,80	133,167,134	584,514,642	32,28,34	151	65
94452	45,85,75	702,811,705	574,507,625	194,199,164	151	65
94461	76,110,91	702,811,705	574,507,628	194,199,164	151	65
94548	85,100,79	5,4,4	122,100,121	57,76,70	48	86
94734	135,129,112	181,135,164	21,22,21	165,192,185	172	86
94967	21,30,48	15,8,10	22,12,11	89,80,109	154	86
94973	378,408,417	15,8,10	393,379,382	89,80,109	100	86
95256	96,116,94	57,67,46	162,167,116	16,14,25	172	86
95291	245,247,232	1706,2077,1872	544,701,631	1187,1317,1285	172	86
96182	132,131,136	2,0,0	68,48,54	14,15,11	60	34
96262	49,66,54	19,18,15	172,181,134	3,7,2	155	69
96281	63,81,54	33,36,48	89,75,108	151,166,195	172	86
96473	637,683,618	468,403,405	613,528,491	170,157,169	154	74
96750	374,367,309	383,393,358	194,202,160	80,108,72	172	86
96770	148,136,97	220,239,238	98,108,97	29,32,26	32	26
96936	367,418,434	35,38,27	69,63,54	75,61,63	136	86
97627	120,110,115	44,40,41	207,157,194	8,9,7	116	86
98880	235,224,224	58,53,84	710,608,663	55,49,41	154	86
99991	41,48,48	19,21,20	121,80,137	4,3,7	172	86
100101	58,34,29	58,48,39	12,16,20	179,128,146	172	86
100342	573,604,580	132,131,118	366,359,360	192,166,188	82	86
100345	755,813,762	423,403,428	477,502,490	696,666,665	82	86
100851	120,166,106	94,139,105	107,71,66	19,23,20	172	86
100931	41,37,42	0,0,1	1,2,5	2,3,1	168	82
101107	213,249,272	30,44,24	187,155,155	74,77,93	154	86
101110	112,143,154	30,44,24	112,73,85	74,77,93	172	86
102397	84,99,74	13,14,7	246,284,267	117,135,154	172	86
102405	84,100,78	13,14,7	247,295,273	117,135,154	172	86
102779	224,161,209	1757,1881,1661	966,811,825	441,341,394	109	83
103306	58,71,63	2,0,5	76,95,74	38,32,23	172	86
103395	206,283,234	5,0,2	18,31,21	6,12,12	140	86
103553	189,204,209	47,36,38	255,239,291	13,11,6	134	48
104321	217,281,274	232,244,216	388,379,439	26,46,27	72	82
104348	1027,1068,1163	864,898,908	540,612,711	1495,1517,1450	84	86
104517	176,166,181	281,301,276	287,241,229	29,42,15	82	86
104799	374,405,450	415,352,416	500,405,501	232,211,197	136	86
105181	61,51,66	12,9,15	97,86,96	86,86,86	52	86
105358	40,34,35	5,14,11	3,5,4	11,15,5	118	32
105372	207,237,208	337,341,352	362,314,355	156,171,181	160	86
105373	125,131,132	58,60,75	198,180,218	22,21,35	160	86
105781	56,78,55	57,90,52	208,132,153	44,40,56	72	46
105788	194,257,238	57,90,52	662,531,545	44,40,56	132	46
105840	8389,10398,8434	1571,1610,1477	23486,21736,26811	1691,1420,1575	172	86
105865	3,7,7	2,6,4	3,2,5	60,42,29	94	86
106330	772,869,775	2,0,0	1,1,1	0,0,0	141	55
106985	523,551,564	36,51,62	308,227,248	341,290,293	73	53
106989	1103,1180,1123	36,51,62	558,505,526	341,290,293	38	48
106990	589,636,570	36,51,62	277,291,290	341,290,293	158	86
